2000
(-334.4794899,-443.395955)
(-552.9752038,-868.6979962)
(-470.0750028,-691.0404967)
(-907.1172692,488.6526039)
(457.2902277,-797.7650853)
(-886.5795341,-487.8852908)
(-353.5156603,30.47723373)
(705.0463712,-332.319048)
(-418.5155176,-381.0390906)
(356.8824469,805.1566397)
(60.99304902,-757.6500987)
(-73.40888073,-334.4137099)
(-591.1401674,-176.8771048)
(-164.6939846,20.86337582)
(-499.2024772,722.8816466)
(-137.2919671,-440.3172124)
(725.7390683,849.2019188)
(-60.57102569,215.9189842)
(-746.8618034,800.8209232)
(-644.6913951,883.9030754)
(-179.5678844,-386.0291821)
(398.8689635,-265.0073205)
(-855.324259,237.7899354)
(333.3456588,-835.4556598)
(-939.44981,-488.0196298)
(574.9796464,-510.3946992)
(-605.9942181,-377.602324)
(978.4538392,79.46306183)
(393.3417344,673.2875272)
(-771.9998175,625.4883536)
(-478.2817528,36.22326864)
(-638.8753828,-184.9774159)
(-903.5797052,572.9442547)
(-739.9375042,148.5941202)
(-438.9898851,286.3675419)
(6.063839245,741.7054005)
(-987.3185788,289.5016804)
(97.08022791,-624.0558961)
(570.1845974,517.019569)
(641.0694688,747.2561386)
(-533.9488748,937.7502131)
(178.4582354,189.10401)
(687.9530709,249.7910105)
(-293.8869877,-476.5746847)
(-705.6092078,229.9555762)
(-626.9429702,993.6202379)
(647.5531766,901.3247731)
(-34.7421532,878.4372629)
(218.7318198,-357.667922)
(449.53323,-487.6536384)
(-109.2713052,-12.46077283)
(193.7293038,251.8213802)
(610.1880341,-298.1007648)
(-972.9986519,-533.5066164)
(-203.0060988,209.1406079)
(623.186376,181.7781512)
(-13.62662656,-532.6295121)
(-976.1740587,756.5594786)
(692.102974,-567.9780495)
(-889.2534427,-669.9756277)
(995.4841253,631.1329655)
(-481.8659297,112.2540838)
(-935.3729437,889.3945187)
(-307.9004311,-273.3952808)
(-96.02396461,366.8709509)
(-233.2744805,-275.6988224)
(912.9073371,837.4395519)
(439.1461643,51.19638384)
(247.4203962,213.6588068)
(-196.2912335,389.8143787)
(29.71277338,-282.5653344)
(-860.2681521,295.0691469)
(-919.9750056,14.81673463)
(-66.12443802,307.1904823)
(974.9505849,-409.8135787)
(259.773408,-942.1214271)
(-938.9800616,-780.9515396)
(989.5028252,-607.8648158)
(-656.5371822,795.814588)
(-569.9968363,468.3960418)
(-756.189262,694.9856049)
(716.203194,-88.18669031)
(166.5531546,-78.22474412)
(61.38211829,235.0165121)
(-702.0307507,255.9094827)
(621.0633383,221.6400066)
(-264.2916737,-900.5394926)
(803.4371054,185.4876841)
(-938.5020031,-152.7641672)
(-868.6943736,-789.4581915)
(-16.50991843,286.2841198)
(-683.7405069,349.9145854)
(847.2009687,691.8378067)
(622.4773622,-497.0315819)
(11.85840034,143.944337)
(-255.2299024,-429.9935037)
(133.150323,-234.1149288)
(462.2139257,-728.0666378)
(989.7381484,-304.8118599)
(348.5282091,550.2167995)
(130.4567736,-376.0098833)
(-23.21756041,-775.8422026)
(562.7540834,-104.1485685)
(-382.0351991,60.65682212)
(-900.8833529,682.5849197)
(844.6744556,60.68749002)
(-761.2424817,-18.97662426)
(-256.6186362,868.2427334)
(290.8104425,421.0437656)
(45.0751999,-785.8976221)
(-769.5065389,-84.764221)
(-154.6878305,-13.94266157)
(879.9140201,532.8524107)
(-12.79971254,-778.3748441)
(-740.0622499,443.676157)
(870.0767755,-829.9053911)
(-910.3104149,308.3496842)
(-44.69800712,-210.4136021)
(-91.61935098,-627.1291187)
(-383.0194557,703.7770946)
(252.8273224,-618.9826905)
(-246.0334991,690.4975913)
(-258.571879,607.2490692)
(-203.7591658,-990.8942)
(-153.5860114,-513.7668464)
(-466.5478341,-951.1108965)
(995.7689777,186.6357284)
(-508.8547435,423.293833)
(-535.3474133,301.7648682)
(-307.152641,-614.1136725)
(-425.8196715,-436.222068)
(-121.3930615,-786.5264108)
(-88.20888442,213.0229348)
(-891.5667334,504.5745375)
(-844.3099906,654.7644104)
(180.9142325,901.1807795)
(309.395139,-526.8338969)
(417.1044506,-984.2006096)
(-504.6660185,-120.534222)
(-58.48997319,-42.95190264)
(-756.2361628,-687.1468052)
(749.4020143,27.78100342)
(-878.9751924,227.7537879)
(305.5841311,771.5201421)
(-42.88305142,-481.8971645)
(-10.16301689,606.8700869)
(86.7767024,776.2233813)
(322.570374,-27.21226811)
(-659.9406518,-797.1349393)
(-44.91407988,-243.4644462)
(-561.0534107,537.9017383)
(-454.1584658,527.66277)
(-932.2441143,-155.0201317)
(294.4631866,537.2810449)
(-101.1676434,66.08307854)
(868.5044068,-883.045588)
(-694.5813095,-320.9158041)
(-577.4517679,-806.6575205)
(273.3640545,-202.8446217)
(523.4948361,-172.4622353)
(-610.0566082,131.7776941)
(561.8393472,737.4596665)
(-552.3428805,345.4346338)
(819.2543372,-858.1678599)
(336.9187614,596.620918)
(-338.4545468,586.3741195)
(-431.7019811,-793.1259446)
(-317.8468671,979.8379901)
(-33.98844781,-756.5660849)
(148.8686112,684.8788664)
(485.6523544,408.0870924)
(-823.7568391,140.8761417)
(-960.4715866,-487.1431956)
(-878.3395848,-1.145400801)
(-956.2500589,239.2404317)
(-810.7154224,-323.5571609)
(96.91341863,210.2387966)
(395.5877474,213.5131894)
(-311.5756829,-828.4564421)
(-619.6390413,-17.76001916)
(962.5293428,-864.5240136)
(-507.0820359,581.7627407)
(-359.7679273,883.5481345)
(614.9530255,-196.0934851)
(-927.1689533,-366.0229365)
(-899.3010495,-71.71580064)
(216.8905405,-700.5104246)
(-636.2708229,-677.1822487)
(384.2884407,-980.1255489)
(-568.7225112,609.0305038)
(-967.140377,-373.3608758)
(247.1727409,829.3271295)
(-625.646813,734.6601855)
(872.7288315,491.64016)
(563.9062815,88.96134258)
(-867.6887568,488.6104655)
(693.0012931,308.9061966)
(-477.8791764,867.064792)
(-706.6219341,691.4211785)
(-557.1997407,-9.572956706)
(-841.5445385,-567.6773765)
(-221.5632439,-210.228243)
(795.3716709,-461.939427)
(-367.352807,213.8635865)
(-374.8733781,585.887616)
(532.782363,-631.2086344)
(-270.3867105,374.5766545)
(-698.5018947,-772.3829784)
(317.5856836,480.7179092)
(-23.66936342,43.40778435)
(-194.1184369,-921.9476198)
(-335.3191687,316.2732995)
(-974.7018473,-976.0148079)
(-856.2914203,-646.970951)
(451.5275497,-803.0464393)
(237.3779633,-437.6924663)
(-881.4889132,688.5481604)
(645.1720848,-920.0705456)
(203.6950244,-41.64313117)
(338.789331,945.2488791)
(316.3273522,757.2771124)
(-318.8418658,-595.1062136)
(-668.1775574,725.3596519)
(31.66908894,939.1205526)
(186.460675,793.6192457)
(-911.4951636,-567.2522029)
(-692.8306457,-950.6264084)
(876.6423087,946.0981289)
(246.0194953,914.2131826)
(375.0011294,11.00540201)
(62.18032118,-206.2956105)
(210.5234134,966.9050605)
(-520.794497,-743.0561131)
(-832.4393419,34.43366848)
(-638.4121449,248.8238867)
(4.7572086,-431.3939386)
(832.3406657,386.6315875)
(674.9161602,298.9542043)
(-888.1111324,-973.0625646)
(-682.4076986,406.0787956)
(299.2905742,-579.0324567)
(-534.1091433,-602.0120543)
(996.4155734,-436.3767508)
(282.5987768,454.045652)
(-895.4267191,-750.4851413)
(782.3916001,-888.4583981)
(-493.6513336,376.7360736)
(-517.537605,319.0638204)
(-706.9845171,979.5725838)
(488.8851461,-233.9666322)
(-251.7547666,-752.75448)
(656.0790898,-0.4170913055)
(225.9424709,483.3498835)
(453.2303013,793.9220603)
(-443.622863,805.4103556)
(904.9901288,418.0335492)
(387.3132233,-10.79021481)
(651.2654278,-42.42361753)
(-261.3783413,-785.0682231)
(-312.2449728,810.593557)
(56.54636587,-951.9944187)
(360.3771265,322.702376)
(-9.90817002,987.8821979)
(-497.7434788,55.49967902)
(-78.26137909,-803.6085084)
(-174.1094172,-376.3422867)
(169.2900075,-602.776196)
(444.9408258,509.3137602)
(-888.4850559,-990.5225692)
(539.9672386,-723.7563518)
(-940.3545817,161.8627374)
(876.5593509,133.6071304)
(-233.049581,39.61909721)
(-886.4225882,-613.7371942)
(23.53405937,398.955168)
(889.5347149,-904.6063332)
(-412.9383001,-765.8432168)
(402.5443215,679.4441229)
(280.2293747,-517.9189494)
(-370.4159428,198.0818493)
(42.602226,-250.3473261)
(-395.7692961,-372.3246762)
(904.6411054,-793.7900747)
(-295.2153825,152.8526913)
(-975.3538669,911.1070449)
(-472.9098307,-392.9783868)
(-244.3328112,435.0409344)
(195.0852475,991.1248809)
(869.3924388,-380.0249229)
(-241.2564912,-268.8657056)
(604.6869961,749.0223741)
(-911.4170141,-171.8618475)
(458.429896,-937.5956107)
(-734.1907483,5.730070544)
(-58.20936207,-76.11857307)
(14.18773889,-413.5597052)
(-79.700066,-873.3640564)
(943.6892787,-873.5222925)
(-376.9610246,-717.123033)
(161.3831602,-236.470808)
(414.803328,-757.4153072)
(478.4765409,-305.5522451)
(687.4809169,-294.6836007)
(-458.1078678,-204.7441591)
(-782.9807747,128.6442382)
(-965.5052948,-392.5141862)
(239.7133629,193.6208306)
(-903.2803452,-309.6686592)
(-442.441436,-795.0449598)
(653.4418184,740.7049493)
(110.395805,189.6790698)
(724.9659649,443.9156174)
(-148.0651898,355.1892336)
(980.6833043,-423.8284485)
(-949.717391,-68.91965274)
(397.4849366,103.8968646)
(-793.8059914,-314.7831678)
(-647.7925278,-390.7988077)
(66.35215564,-886.4173551)
(-684.7621152,504.7234492)
(-521.8648402,-292.3838774)
(180.8691547,-590.2501092)
(201.2521061,769.3633565)
(-429.9961488,-576.6140403)
(62.88896907,823.2247285)
(924.8666708,-864.7335089)
(230.7007792,959.4628315)
(-442.963851,372.4495066)
(166.690052,101.1349834)
(-245.5524407,-130.3119268)
(204.8220376,-957.7582097)
(-277.0385511,453.2639626)
(784.0951389,234.6847791)
(-239.8720564,784.3036391)
(-585.4725506,-216.6547017)
(415.9634851,-576.0599505)
(-994.9109216,234.2998686)
(68.42174197,-618.6678213)
(864.4295582,-171.8348942)
(-144.8221962,842.4375539)
(-788.9930257,-952.234256)
(271.8628235,95.48820398)
(-936.8597744,-846.0774507)
(-641.1849735,-912.6273957)
(-919.4996633,615.313507)
(-390.4755472,133.9690411)
(343.8747373,654.8530379)
(-820.1482111,-943.7794433)
(525.0302884,18.50023416)
(412.5861051,228.7692613)
(766.5109485,1.994014842)
(368.6799107,-682.2385692)
(-371.7734309,-259.5476449)
(319.6030734,359.2611323)
(-47.07216025,392.2581965)
(728.6185532,-911.229869)
(974.6463387,254.743896)
(-999.2087178,125.5264732)
(-627.4820337,373.3324264)
(407.2636432,-7.580711762)
(42.49881271,-299.2011724)
(-397.7810563,821.6243528)
(434.9678932,-375.0090228)
(-868.4534706,31.23261883)
(509.6958183,48.50927465)
(612.3545898,-226.540286)
(-474.4232753,-201.1982628)
(-730.5095518,-832.9912708)
(673.1653374,-136.5969682)
(128.5233138,99.9401607)
(866.5798775,-97.04869711)
(-875.6390218,624.9037734)
(-433.5231729,673.7499518)
(376.2973299,923.8070414)
(-856.5376755,-772.1780917)
(-342.8657069,662.7653223)
(862.779681,-562.7899903)
(139.1804743,-260.1219488)
(674.2781674,-252.8640667)
(-326.7540214,-358.1938359)
(-162.9881605,668.9368199)
(-615.2034121,-192.7291987)
(368.372595,866.6704726)
(-797.101404,-128.9677399)
(-241.3561895,782.6174887)
(-980.2246524,-160.6705438)
(804.6097861,-761.1022111)
(-227.0066356,-676.8897106)
(-677.2999937,-813.0966776)
(-882.4305779,376.2132181)
(-202.5269464,-242.6075366)
(220.2314537,851.7845265)
(-577.9687702,819.4494417)
(781.2097975,-5.846046787)
(63.61710629,-307.6560909)
(-941.6692074,522.1681083)
(10.21914392,652.5142969)
(612.3742884,409.1834707)
(-40.83000048,590.5088672)
(564.4078366,335.1613695)
(-306.2413649,510.9784733)
(-696.8580942,615.7917349)
(-475.7699919,-854.4916038)
(14.55372239,248.8694032)
(-524.8851098,765.8768244)
(754.6259478,332.096782)
(490.251705,-174.8891946)
(929.5551187,-33.07298995)
(-882.7785415,20.77508836)
(-778.0355531,772.964353)
(-783.9602854,931.738815)
(109.4044493,705.8016268)
(290.9107794,601.5973209)
(807.1424007,844.1399438)
(250.4173339,-626.9664591)
(-402.1681347,600.683994)
(-194.4763708,495.0969191)
(77.06437817,116.4789001)
(12.7682365,-477.5234118)
(-233.1199296,894.8252253)
(-799.2311746,-513.6608539)
(-234.3447218,-739.3908106)
(563.7692873,709.9747561)
(508.9548809,542.1257044)
(-650.2779535,-205.8674269)
(-849.3404294,263.0522307)
(-375.5191255,-145.9238732)
(-47.06551136,714.4815293)
(465.1044848,119.5711414)
(-156.3165516,781.7013754)
(-837.4434857,-737.8718286)
(616.751862,-588.0285708)
(640.7354253,-991.5963643)
(482.8973044,395.810255)
(118.0581325,766.4925224)
(-481.7915861,-144.7588171)
(573.2349049,160.2249174)
(-416.004136,202.8164446)
(0.4678798522,503.8119062)
(204.9039318,996.6700974)
(-612.9580366,-654.7776098)
(830.8815858,544.5298418)
(138.8263965,48.05936797)
(669.9395772,-609.6789721)
(-287.5902139,-319.4708949)
(75.40680005,-497.1930519)
(192.7235266,-419.2852054)
(920.4535356,-263.5729987)
(169.5064231,682.6474354)
(202.0915857,564.864464)
(-124.4604188,-82.9271211)
(826.507091,-324.341146)
(-551.067289,-15.65065857)
(872.7030155,560.382423)
(210.9700949,-751.607028)
(6.352758463,896.444337)
(-303.3484017,-322.7896302)
(-776.1015535,-286.8320964)
(-402.5818279,-546.9418899)
(-560.5289615,893.8331288)
(-13.44018509,-276.0575931)
(996.6615991,995.8622366)
(537.6374314,-984.0777681)
(875.530141,96.79548938)
(516.5264065,167.751309)
(211.027845,-112.3710914)
(444.62613,-13.68216866)
(-210.8236592,-941.5529639)
(436.1895099,782.3215904)
(247.0141643,843.6926659)
(-189.3918017,261.5569341)
(-967.3044504,-586.5991081)
(-455.1710122,791.1798132)
(-197.6285702,359.0068936)
(55.48482056,-560.3830345)
(-169.8711356,498.3466999)
(-609.0855805,-712.0991559)
(-370.5330989,214.914138)
(20.40811682,-901.8937982)
(-177.4330066,-751.7598842)
(-165.6005322,-889.3162439)
(434.6082604,-546.8185631)
(-771.95268,382.3368012)
(896.2023743,454.2257269)
(486.5358202,406.9158222)
(635.7292225,-870.2022458)
(-292.6860507,-406.4039796)
(-763.4785722,837.307949)
(193.5545504,-54.92802831)
(118.3766298,697.4292865)
(214.303341,-613.8092208)
(441.5399586,405.9793433)
(776.3229199,127.8136198)
(788.4995695,-731.4850207)
(-61.55998695,-290.1942974)
(149.8525138,478.7717973)
(-623.4442514,-224.2464373)
(-343.1038349,919.7770482)
(-267.1578181,-244.2686877)
(-852.0538513,-972.5485638)
(911.2179659,921.9624861)
(-715.3903911,-93.0157908)
(-681.7065193,628.8742904)
(307.1384755,276.6824309)
(-419.6940807,-697.4256625)
(-625.0034797,-65.98470626)
(576.559425,-752.7029566)
(407.4599247,-642.4508057)
(-127.5103532,-941.6317647)
(-48.09692782,110.3832944)
(514.9032024,-61.78252459)
(-881.5341384,-914.730624)
(538.6892862,-659.7364696)
(-775.6369027,-820.0097726)
(-831.7094823,-175.1733763)
(946.2253025,423.5479897)
(-133.9844527,-232.8151047)
(-765.4520043,-742.8367173)
(-470.0495214,-929.0038974)
(-131.6381752,153.6548665)
(-311.0815707,-125.409892)
(825.560622,59.74331662)
(474.1438436,100.012072)
(-537.2712859,9.396671514)
(345.64578,61.17023628)
(553.3496776,-1.326845812)
(-440.5143048,-31.01738543)
(507.756653,-120.7046186)
(164.3063926,-581.5283343)
(684.4615397,23.39892121)
(-983.666622,-892.3700946)
(-514.8308194,-712.3459825)
(-334.0574313,-468.4176945)
(98.09179752,343.0674505)
(133.4937324,998.9439148)
(-952.9825421,469.9679587)
(845.2604945,-208.8823858)
(-34.09440634,-310.9001094)
(203.9540691,-332.1921004)
(71.29680047,287.8722511)
(335.2444182,-6.453785409)
(-974.1613246,934.5397138)
(773.6996345,740.9570087)
(-483.6628033,536.7331548)
(278.2563102,684.7337773)
(-294.4895316,-918.651898)
(236.6526028,-209.3317376)
(358.1300915,80.40894089)
(-595.5937248,268.1161586)
(-847.678928,263.0028734)
(-41.05933222,413.2447184)
(-964.3142557,594.9105329)
(233.0376426,-414.8260396)
(-855.7810577,81.50728406)
(-885.9453057,-682.1533539)
(69.87645347,996.0902111)
(-480.1823386,222.9331081)
(-541.5669236,-635.1724189)
(770.8466259,-686.8021555)
(242.9139485,762.1331282)
(-19.25865067,-479.4784585)
(149.4992502,453.4591443)
(125.1099211,-710.4924906)
(-961.8347657,-937.7039721)
(938.5249924,-12.82364905)
(531.5812369,-121.8283839)
(-562.5070298,-239.5968709)
(-566.1488875,680.1533316)
(9.04777392,-267.2294014)
(885.0955679,-962.915653)
(-771.7241714,-43.51350038)
(910.3629417,-826.0025154)
(-960.5987704,-761.88234)
(568.4062748,-135.0704028)
(-394.6365981,268.7815052)
(242.9371231,987.907323)
(130.2821991,186.9398498)
(700.641141,464.9979283)
(940.2883374,249.5216297)
(-566.4410856,-742.6695759)
(894.741734,-438.2376371)
(-538.4583402,-990.6710223)
(-61.95759052,397.0457545)
(165.1634117,681.1737782)
(275.2675055,-43.06141752)
(58.52473041,862.3974471)
(-251.4961526,282.3464389)
(-431.101865,-106.7815429)
(-361.7798559,-779.7147272)
(-405.2359065,-279.8603845)
(82.9892668,128.7360182)
(-633.6861981,272.3096823)
(426.380867,353.7917562)
(631.7237081,994.643504)
(-176.7533296,-647.8632194)
(-256.3575799,-928.0589917)
(320.8434315,725.9131818)
(-264.2032059,971.3036979)
(-427.9433112,-467.9528876)
(-824.0970245,837.7119983)
(563.9734271,-823.9215228)
(-271.4112268,-936.31717)
(317.0853454,811.4173801)
(870.7910448,-581.7024243)
(-995.8386135,-787.1743138)
(-716.0492364,477.4593613)
(-772.716358,249.9734063)
(231.4779384,-528.1827468)
(47.36093007,416.7082104)
(-193.6100072,-210.1711426)
(-745.560033,-82.40583554)
(343.5780633,-384.8080753)
(-694.5079144,43.76821977)
(-537.3778475,7.121391136)
(-484.0304279,-686.8007812)
(900.5080135,665.0986702)
(707.3788459,-687.0676307)
(-441.1352815,-535.8107892)
(-445.6596099,-293.4226738)
(866.7602614,-885.5969158)
(925.6489127,808.0229911)
(-388.4234456,-214.2054562)
(277.0825658,-727.2762449)
(250.4750221,536.8202008)
(653.0993192,569.9726865)
(140.321015,621.4285894)
(218.3487366,791.9753598)
(897.8901015,-88.79181638)
(24.75798048,-988.7153429)
(-184.2196489,721.5622756)
(-699.3872987,717.505218)
(196.2858194,-861.8297533)
(713.753772,-945.7285195)
(-538.6511688,468.8167418)
(-844.8703061,275.0629964)
(437.4260799,560.6723974)
(39.53249321,-670.8152188)
(-894.3550833,-286.6196265)
(-714.4551457,634.6312555)
(-917.7212404,-248.3248607)
(442.6196975,-651.6661575)
(570.4675793,168.3905983)
(-384.3465598,-41.78469841)
(-595.5753722,815.0270183)
(35.88861782,-386.3016562)
(-780.5986049,-683.9437206)
(-192.4578396,251.1062718)
(625.0487374,78.30563511)
(513.8347941,324.9141751)
(328.0470567,-720.9718)
(-568.6778227,-884.8174641)
(45.75830971,550.8262896)
(337.2815114,-481.9575553)
(-368.2034077,75.66580073)
(-569.4297419,302.6497258)
(-636.3364999,142.7202368)
(257.8509947,984.7359157)
(-892.55645,-526.3797717)
(509.8958034,-482.5916577)
(-872.0980113,869.4748157)
(142.3641384,-854.907542)
(178.5542245,-439.6729679)
(458.3170734,-55.84268485)
(-33.83972819,-845.6608534)
(-165.1826408,-629.2139483)
(-289.4384333,-423.5003812)
(-201.8177039,-858.5805364)
(187.63561,-268.4919126)
(257.9279762,-516.6492936)
(527.6681469,-1.662092274)
(443.8648294,-182.0541676)
(549.362174,157.2850353)
(885.8190151,517.9060604)
(-18.49947973,-651.6359677)
(223.2735169,190.4118624)
(397.29201,349.5371315)
(992.9678971,-497.6687472)
(951.8522569,-268.0846795)
(-85.19669362,-697.2796499)
(-406.3171312,-217.8160116)
(-1.445780612,7.967904729)
(-760.7772382,-823.6678505)
(802.0062791,-530.6955739)
(76.2385552,486.2146371)
(81.2564243,-962.0034113)
(-546.3993976,-221.6415879)
(985.0469804,-22.37467122)
(332.013873,287.7294298)
(-297.5820081,-158.6041853)
(-833.706818,89.69574918)
(-893.0419913,101.82794)
(-185.416225,337.2500127)
(-364.018301,-620.9612565)
(-203.7041181,755.5928543)
(-634.4272815,760.2257395)
(-297.283538,-9.679805459)
(37.34629403,739.9579977)
(-407.5213976,800.9454452)
(-365.2300608,-681.0045613)
(-269.8562863,-296.3186778)
(-927.9982825,-503.0637222)
(-708.5566975,871.0936887)
(-488.5750858,-557.5237557)
(428.9148064,98.81397216)
(515.7020094,803.925246)
(-908.4870983,-563.4844497)
(790.0378325,-778.9555644)
(745.0774722,170.5319283)
(772.6828508,-34.74529639)
(284.8504873,-424.6880245)
(884.7226862,261.5836585)
(-979.5078544,-426.9957679)
(-822.3422944,172.5637995)
(-582.9772082,516.0810631)
(-726.3207556,-52.63403501)
(539.5895447,-610.3590497)
(598.5877476,985.3654023)
(294.4465905,-406.8335895)
(58.49955002,392.6234302)
(140.3182187,336.8921306)
(-424.0682754,585.4435662)
(-252.1262775,-194.8987492)
(505.9041891,-978.7843671)
(587.0927905,918.1265236)
(100.0612432,159.8358501)
(-503.6557898,-318.0625904)
(-338.634276,392.0575894)
(928.0171888,298.3850316)
(156.0761044,516.8390494)
(-744.0218869,-398.2465685)
(-101.8041119,397.0347263)
(82.7366423,331.4343673)
(958.0406508,569.8161448)
(-234.1032314,-404.8712198)
(-950.0519784,594.1955201)
(-598.7425535,-736.8168574)
(65.6032163,660.628419)
(173.0615414,-236.3559996)
(-78.24282979,-518.6437146)
(115.5080403,-936.3147821)
(440.5030141,-931.3038551)
(-927.5938416,675.815778)
(943.2949298,618.2674796)
(-789.6337062,-128.4865339)
(917.4093077,916.8432392)
(-988.2969003,953.0380626)
(-712.6995385,-428.5571427)
(-481.9676639,-595.0651349)
(798.7989997,-622.2557182)
(-64.27475454,849.2854755)
(392.1049056,-601.688425)
(358.6741707,-29.21938845)
(-298.0292738,122.9977983)
(-983.5773883,-464.9143038)
(-908.5832965,-265.5318912)
(812.3416438,922.4433009)
(800.7208967,-384.9309074)
(-230.1618135,569.355275)
(555.5411762,-856.8939596)
(987.0896558,-71.5777522)
(-319.2030766,983.9944944)
(-979.7334764,617.641602)
(165.5401897,25.3307787)
(-467.1545015,119.9279889)
(-397.1447185,612.1854697)
(-392.832668,590.88275)
(-156.2684541,-562.2976015)
(206.8966252,-961.371543)
(85.940732,807.5501246)
(-61.71949028,-706.7812099)
(602.1949341,-254.0626912)
(231.5955222,520.2940929)
(6.578560485,215.3875677)
(-11.9292433,-159.9100729)
(-989.5288875,-190.2858619)
(-267.2971101,653.1935814)
(135.0846586,799.4964384)
(11.56393766,-570.656534)
(-301.4196947,376.5920719)
(636.3068899,-506.637064)
(122.5937681,437.7967646)
(-507.8572654,-980.4866036)
(-267.2952096,-182.6772267)
(1.401651244,-647.8775148)
(-812.2563517,285.4838435)
(-14.62062199,-906.72668)
(-240.6921348,161.2566677)
(809.2572194,456.2497026)
(-257.4574851,992.3210431)
(-322.9563689,-846.2140302)
(894.6498866,465.3087486)
(639.2677267,341.4697745)
(211.3353274,-619.4350364)
(-806.0106649,552.0248882)
(879.8463206,-67.60553076)
(927.9544621,902.3157093)
(19.3701329,-72.35303732)
(425.987934,834.9719884)
(592.0513415,-90.96317378)
(717.8249786,-126.4601653)
(769.6270025,-866.1130707)
(-676.5289544,562.8707129)
(584.2549959,95.12739137)
(434.4480411,-871.2328921)
(-302.6172797,-384.0651319)
(976.4398708,850.8177209)
(-227.1670514,332.6030946)
(-246.0288069,724.1686465)
(491.2773428,-492.7977794)
(885.7550592,-563.2244598)
(-725.7331666,888.7584002)
(-249.9565186,-226.8188527)
(-491.6241346,-433.3921954)
(-302.4626932,370.5226561)
(-652.5443029,-252.8379703)
(27.02265428,282.1168973)
(-898.582643,-56.52801613)
(895.9595934,-77.09420044)
(860.9479792,492.4847879)
(621.9516327,955.745093)
(205.5572285,349.7193373)
(-656.8676993,-788.5366177)
(8.083626128,-813.7989183)
(658.9655918,-334.03519)
(-649.5488828,-607.8403184)
(-129.1477017,-572.7295068)
(-755.9111047,-825.4868823)
(282.0907968,-800.3756738)
(752.0363231,790.9833517)
(-924.945436,-51.20163782)
(42.5993847,-117.0933037)
(-779.0270626,233.4505652)
(772.2417664,581.7975909)
(-555.7982813,224.7516801)
(532.9300835,-598.6509746)
(220.3445629,876.5246344)
(-374.4521006,287.036826)
(540.0346482,-397.1519129)
(541.0881478,-643.4804781)
(-590.9698102,-66.35911395)
(372.489757,888.0026382)
(-753.8485366,-550.7531995)
(-681.9652361,-913.8525627)
(105.4100461,-110.4442744)
(-736.8052609,406.4733548)
(-210.6175534,834.3667341)
(447.0194806,204.7092511)
(-867.8169625,-474.0396098)
(840.5933029,-333.8686633)
(-722.1928205,-824.2483663)
(-230.0752062,804.0600551)
(769.9970413,117.1653853)
(-353.914188,-351.5791932)
(212.71835,418.9774728)
(589.3501002,-436.1328601)
(-330.8060136,380.5711363)
(443.6617215,-743.3985187)
(927.6523329,-415.1005036)
(-415.0456832,901.4063461)
(-759.7970058,369.2943824)
(469.2949713,-54.76710337)
(832.5735884,697.2333013)
(845.3760117,352.0960609)
(-203.8543358,-861.7142799)
(-181.3142048,-283.9397791)
(970.057872,170.9608882)
(-516.2802984,86.01089971)
(-940.2079756,-159.2761696)
(471.8545385,389.983476)
(-514.044967,-19.03864036)
(-418.755332,-142.7189223)
(409.3350381,-967.4248128)
(87.11721017,-833.5912118)
(638.6888225,-557.8926186)
(-512.4270274,120.5620265)
(253.7746388,988.2660989)
(-592.5410333,562.0153667)
(-43.62224731,471.3705106)
(80.08451925,-960.2211029)
(-716.1948766,388.9857004)
(-404.2601585,776.2897025)
(-690.7570613,-794.6722184)
(-221.4374798,319.6442582)
(182.9280854,846.4334643)
(-701.9222006,-431.1559458)
(-299.8329091,-224.1054337)
(510.4021199,-349.4646787)
(-557.8716504,-137.3130284)
(-52.20431547,-892.2922047)
(119.9429734,14.44064627)
(152.9464396,425.8895868)
(501.3447361,165.3003864)
(-328.385041,967.3136931)
(272.1941393,805.5203077)
(644.5600478,-747.0449206)
(-288.0620186,781.5793166)
(315.5092817,-427.8883664)
(527.2202796,-78.5809302)
(-410.0271132,821.5997721)
(-591.9937355,-619.5665911)
(64.3922593,-901.2273651)
(746.3095098,438.7594178)
(-594.0449757,881.6111631)
(477.8281099,-812.2260991)
(646.9720953,-180.232053)
(768.5331141,910.2105797)
(817.0701467,-920.0871134)
(620.8361975,506.3421833)
(930.3588438,491.9914206)
(459.6675741,979.8274903)
(475.9073263,44.32626242)
(-804.9875142,-8.743441145)
(549.4924046,427.2885275)
(301.915526,572.4637383)
(45.83567946,566.9341578)
(882.9299662,544.7345455)
(-735.7439112,-527.7068898)
(-724.2055657,-392.116527)
(48.08115255,-301.1843014)
(71.99000729,-917.1901867)
(-385.3552967,839.2703694)
(493.166727,612.0521017)
(-588.1734822,-638.5174625)
(437.9910599,755.3654748)
(-97.62721965,-193.4761303)
(-428.2957629,-475.7481328)
(487.1467532,30.42564571)
(491.6072352,293.4356698)
(803.785491,-490.6320034)
(-376.2157147,118.9254386)
(-824.4186731,163.0425504)
(705.980678,401.0215083)
(814.2616655,-125.1384172)
(623.3365615,5.065222637)
(-649.5733812,-263.9031569)
(227.3012606,707.8269631)
(-214.9498061,-397.0910786)
(-108.7963166,884.2399645)
(-221.3408684,-192.8293036)
(620.9538604,252.4318208)
(7.557776524,614.160463)
(759.3740162,509.5739503)
(-460.319315,78.90292915)
(-51.09064933,-58.1704814)
(422.8945848,750.2510305)
(-760.9467157,-874.3974759)
(614.6421931,756.6705772)
(510.2679252,554.490522)
(-537.4063005,-609.0772263)
(703.3067984,-157.5361498)
(376.5256273,540.6274809)
(554.1914246,-709.458421)
(-758.1641723,-168.6773403)
(620.7155649,-440.662374)
(-630.7428802,993.7759923)
(-15.9875473,24.41414825)
(858.4733985,195.0988906)
(-508.0858878,899.5837152)
(232.437486,897.7702167)
(-36.1215015,559.010225)
(-364.5500925,457.3267321)
(589.7078188,31.74438319)
(-68.22597676,513.085285)
(-570.4842126,986.7894926)
(-716.4042261,468.2754225)
(888.1618518,237.9510341)
(153.7193038,295.4385049)
(-504.1780207,871.8796227)
(807.8084391,177.8711623)
(99.15121061,-255.7416137)
(730.7204116,796.4112723)
(281.8211495,-299.9504093)
(906.5183084,-447.0663659)
(472.9655197,912.0596452)
(-715.1035272,83.18416499)
(42.05315751,-277.1148998)
(-685.1458695,-329.0335001)
(-783.8532942,188.1454278)
(-880.5913979,26.22450909)
(-406.3196015,-928.9032432)
(-174.9790121,585.696203)
(879.610635,-447.8865334)
(82.14475408,-203.9686551)
(921.132857,131.8498012)
(-992.1260345,621.0981668)
(952.6019928,-617.5054364)
(-948.7996765,-17.26541482)
(-272.4119908,335.6712774)
(-362.5815389,-862.9297988)
(453.6852701,-993.3146096)
(580.0534165,-798.5545412)
(333.41122,-461.6641514)
(-307.4348104,-706.2044236)
(-157.5194646,-16.65507293)
(-357.0162262,-929.3274695)
(315.3628955,-121.977964)
(-61.32838989,202.4027451)
(-580.4496841,359.3833625)
(409.6035167,-408.7577245)
(667.0134987,-419.9128755)
(-992.6577822,-748.7350987)
(907.0878223,-499.6905585)
(226.7704739,-35.86715021)
(18.02467634,-874.12318)
(-990.3419788,-638.5809806)
(37.77383876,500.0091683)
(-642.1350881,937.2773323)
(-171.1862236,-991.0219607)
(-160.3857553,-850.9432551)
(-537.8065143,369.3496975)
(342.8934252,-741.667615)
(-794.8970571,-84.13033475)
(-211.4820425,-515.7912383)
(-981.3317447,-775.6506075)
(-887.9598323,304.6928831)
(-641.4175216,-290.5511139)
(667.1445077,-844.880785)
(-242.160973,879.8097529)
(188.4879213,734.7259181)
(710.5905543,62.03686785)
(804.4578068,281.0419143)
(-262.755796,509.0056431)
(-489.654389,-400.8224727)
(970.7096361,718.0661526)
(-621.789145,534.1422531)
(579.3678809,-378.997308)
(976.4753133,-336.4543086)
(-455.6969671,553.6576908)
(380.6714779,628.6340276)
(-319.5719004,244.2621124)
(371.1699622,-705.8916509)
(817.3536262,649.692352)
(769.6847207,11.79204623)
(405.0762194,532.808619)
(817.6461851,290.7004058)
(-581.3800054,-190.4738582)
(-749.4306945,-171.7234)
(398.6429488,89.67523534)
(800.1062266,913.0995709)
(-714.4475214,-303.8115836)
(170.1376699,745.7537706)
(-497.6286375,559.332605)
(822.1769162,-730.1054367)
(-656.0718487,-961.9020256)
(-110.6538034,230.4900456)
(618.3075655,181.9419335)
(-818.0908204,-833.6930598)
(823.4823111,166.4235486)
(223.5602442,-214.4934752)
(-865.4792968,416.409705)
(90.49690163,-779.9725599)
(275.4285601,-135.4135623)
(105.6440115,-693.1997484)
(11.87549751,680.8637616)
(-796.9990274,-857.7262585)
(363.0006201,216.438876)
(-984.4265619,255.202704)
(-162.5725242,-511.5353053)
(815.3362753,-459.5058548)
(-57.62350975,873.6813017)
(960.9044169,-171.9383153)
(-595.2185852,-980.6813326)
(252.6866635,-394.6073446)
(-518.5117687,322.3474816)
(-395.0966773,514.9751643)
(997.2585,-38.35756557)
(-369.5959782,60.34034998)
(495.7343575,-302.914451)
(610.2640614,360.7902943)
(-279.654431,279.1766795)
(-999.7443614,-446.3685247)
(28.942192,769.1300674)
(-103.9976756,-524.9537088)
(-901.5690224,283.84668)
(847.6688285,-327.8905392)
(-62.87460425,-191.3826167)
(-478.0690405,-716.2739608)
(397.2271968,802.4414643)
(-25.07271654,-153.4575463)
(569.8951959,317.0720647)
(91.32676969,-475.0170333)
(-143.2809223,-701.0327094)
(-209.6032952,40.45408449)
(-421.8222914,-458.2480962)
(886.6096517,-318.9918908)
(-832.2479945,-993.8587468)
(193.5973977,-401.2954865)
(29.97242435,-682.4900082)
(120.724401,-420.3829584)
(-802.9615044,-923.7625983)
(333.4311504,-458.0752613)
(46.62608352,563.514201)
(-319.2426641,925.3757851)
(-137.9876973,-273.7162319)
(802.353093,720.7848438)
(411.8529788,507.356172)
(-300.394596,571.7099423)
(-585.5600722,-9.582448426)
(559.4005576,-225.1099207)
(-520.9023304,-799.3153113)
(-989.1851323,301.5894696)
(674.0896401,878.2787332)
(-625.6227609,703.9865266)
(617.171111,-612.006231)
(-481.9737366,-277.016466)
(-103.1018269,-498.5553205)
(49.26544504,857.8962368)
(835.3218828,-966.3323984)
(390.8297745,-284.1304273)
(143.2617322,323.479628)
(551.1342963,-948.65745)
(769.706943,789.9612098)
(-56.36534751,829.3955858)
(742.3520621,-603.5697833)
(-175.9580951,-976.2985833)
(482.0507591,101.7047412)
(464.0729939,-858.5063399)
(-399.4586417,-540.3313717)
(484.2583295,239.8253716)
(-643.0023952,-848.4333226)
(-146.1100671,59.49088137)
(-35.80721169,511.2840599)
(493.1597491,-341.6300537)
(599.5830603,488.6289628)
(765.3901982,-715.9278367)
(37.19413842,-435.3874256)
(647.6195138,-468.6662258)
(949.2958028,515.8980547)
(-977.8909011,-490.1970124)
(-24.41970456,639.5515103)
(855.351853,-944.8361798)
(-830.998383,-245.3678191)
(-845.5147449,-79.4026113)
(-964.1051537,183.5278084)
(266.3489584,498.8558344)
(-760.745052,-998.8728389)
(349.0672978,-733.0678583)
(-288.3977247,-67.98167028)
(355.5164253,383.9974457)
(224.1326437,-753.6799354)
(738.4981879,-493.7243676)
(-84.60389595,720.8302679)
(-859.2927449,-183.1819644)
(889.4051413,465.777076)
(676.0451012,643.5000877)
(134.009206,-515.6250478)
(97.87464806,-228.9385726)
(72.82210192,-882.57173)
(664.4312949,-635.3241295)
(-958.076024,327.3259032)
(574.8070521,808.3721425)
(-746.234843,-728.8138135)
(-803.6470035,-792.3786203)
(50.32049696,959.3746836)
(135.7554941,794.1143386)
(-409.3587444,-480.9214713)
(547.5038861,-977.285886)
(135.524904,57.81100727)
(-554.2020307,-370.6028853)
(900.5628633,-11.50585177)
(251.2370312,742.9598879)
(-462.7489285,479.5288453)
(915.7195646,-964.6109475)
(916.4040668,-58.78055109)
(228.0021678,-223.2120249)
(-487.1040337,-702.4470304)
(261.8002899,-379.064196)
(-189.7579331,494.5887633)
(592.6027381,-281.8841544)
(-484.0675879,415.6137503)
(469.0820504,-763.9177551)
(-20.65237787,968.7523503)
(-534.1417899,727.9928249)
(-442.3128849,363.4150444)
(430.4914678,-40.97232398)
(525.1152031,-397.7327931)
(177.2394171,348.2581128)
(-447.439719,-185.7672306)
(146.8260726,84.11403804)
(479.6999165,-263.7498464)
(386.125451,791.8876745)
(237.600579,459.8841131)
(-536.3965751,-724.6450965)
(854.7382627,-250.2423594)
(-671.8333445,-212.1618152)
(-608.3045607,-624.9971926)
(559.3875611,696.311114)
(-917.0145234,55.92371824)
(816.3929356,274.6270791)
(472.0077856,-300.8762336)
(860.6276728,900.7539647)
(-255.2162833,-318.7273659)
(-94.01432323,-926.3262284)
(170.1587785,-444.5468661)
(-887.9721805,805.314192)
(-214.0276444,642.4867216)
(555.7456974,-753.8084035)
(-256.0347314,171.4863449)
(410.3778561,-641.8300665)
(-606.7108358,-595.5207607)
(-529.9572249,-210.9884954)
(2.923048936,526.7292043)
(94.83187913,352.1101932)
(815.8552188,-769.0609508)
(319.245245,-530.6408957)
(-409.2447459,645.6027343)
(935.867622,315.3968405)
(429.3923521,147.6361039)
(550.6857775,-326.3843722)
(-231.2961771,-694.3818703)
(-184.7181021,-850.9457285)
(346.4180813,-96.09101105)
(470.605259,-781.3480611)
(-714.8949638,-279.192186)
(-388.7649597,-752.7701152)
(-239.2382437,870.3477227)
(249.4253667,-990.3302712)
(-795.8022719,920.5687986)
(-688.6657518,109.208433)
(970.5201934,-172.5578375)
(-11.95366964,48.25921968)
(-261.3443419,287.7610474)
(518.3387947,-789.6319378)
(-993.9764101,-665.2907493)
(15.73185492,-335.9990326)
(476.7220814,-207.237848)
(366.6818071,-945.2005348)
(-562.2401845,-895.3491634)
(-907.8329341,283.1457056)
(352.721633,-164.8565718)
(145.4125583,-512.7964726)
(-558.6892034,-17.03956843)
(-505.7940277,-998.1898677)
(326.9065732,688.142621)
(344.4966954,479.4694038)
(335.821879,-899.2915925)
(541.8418617,-555.1164287)
(257.7302033,767.7531509)
(76.62936291,712.3791899)
(-68.87872924,544.8963005)
(-470.2522294,-838.2508029)
(731.9590305,-224.9697926)
(-501.1814074,429.8893787)
(-876.0370827,696.6789552)
(-67.45073862,196.9270261)
(484.6837235,15.49315033)
(10.28472744,-251.6873123)
(149.1203159,-883.8277547)
(-361.9774714,804.3727689)
(-818.5193013,-825.8401032)
(-746.2835929,897.7257496)
(795.5608838,-681.2590574)
(-347.6555544,864.5211674)
(-949.6505903,-263.3065393)
(126.2848084,-19.18786061)
(-368.7538028,626.7506302)
(427.0512895,-482.4469843)
(-597.5546313,-304.1100136)
(-930.1021941,393.7212033)
(478.1159628,-517.9798912)
(-880.3148527,-854.0742506)
(-36.26828801,-63.55187161)
(-652.092955,320.7418723)
(305.1708226,630.1307482)
(-877.1364815,653.8385184)
(54.49969866,30.42837908)
(-834.0963535,-703.6481854)
(543.7959009,410.0763033)
(-975.2678096,-381.8011593)
(-75.01857626,-366.4446059)
(864.4084404,980.3970912)
(-152.5855663,-229.7244581)
(212.7719559,-836.8228767)
(475.5885883,-52.59051047)
(-759.0024489,-858.6351301)
(-608.0978841,-94.53395028)
(-86.25280979,-704.5274067)
(-918.3825946,-649.2901771)
(-350.9785334,699.3534574)
(778.5635842,153.2498935)
(988.7820366,8.568264968)
(-414.9869224,-640.8212613)
(-493.842634,-776.3528805)
(-431.3770133,641.8554184)
(774.7711278,-642.0970718)
(-80.85184673,-38.09377904)
(770.2535229,-758.8297741)
(796.5378048,676.2654016)
(114.3195788,632.5934684)
(-358.1383179,-825.9475962)
(-254.8872512,655.9838443)
(131.8909463,-520.1945416)
(-344.0138992,8.998862003)
(976.1088496,-531.2563137)
(50.28043824,-741.9379443)
(-482.1766239,-224.370427)
(327.4203177,391.8882144)
(167.9491113,469.1315968)
(480.3021705,-571.0555973)
(-34.70513525,-424.5978834)
(-62.12861498,-76.44572018)
(176.9729419,970.6817972)
(711.6943061,123.7664116)
(512.9716969,-546.6357926)
(-544.7837996,-250.5019259)
(327.7292357,660.0312356)
(543.7223531,557.2962535)
(-739.8066451,87.23796062)
(397.4332538,-384.9073638)
(-286.3410442,106.8424508)
(-231.6641351,581.6150242)
(-430.4222861,-822.8435753)
(-312.8863151,525.4124142)
(-290.1701211,-102.9527203)
(-228.1293997,603.5730488)
(-286.5827806,-757.6432409)
(519.0530717,659.7998012)
(8.646037653,-492.5745202)
(-843.9781811,-99.61097619)
(-19.95975145,-62.12055671)
(-861.0067447,-399.4531351)
(-296.684688,-252.0105726)
(-598.2200823,-86.89653861)
(660.1734341,277.0647305)
(654.342597,582.6443788)
(-274.9915931,-767.7022173)
(-36.73415362,744.7795426)
(-395.0596462,387.0756926)
(-189.5649793,754.6290233)
(-503.0663713,-322.3180726)
(-324.4547058,-350.9202219)
(-636.5211011,904.3702333)
(-827.4242725,-589.6237233)
(-382.3765366,-89.38368967)
(850.5016781,-639.7452163)
(473.6597145,-128.1028083)
(-452.5313694,331.0061763)
(120.741591,-747.2570469)
(-512.4685047,-918.8564635)
(551.3475146,-55.77391166)
(-27.51161471,716.9482843)
(-750.7139833,-557.8269364)
(-122.7293914,-371.9993432)
(-677.5828781,18.7429473)
(515.711809,859.4210905)
(105.2970663,417.2737141)
(353.2130938,435.4965678)
(163.595053,-590.0442564)
(-311.5132321,-129.4029417)
(402.3262239,154.3272487)
(564.6291758,-3.293672058)
(-207.8663224,-289.8081696)
(632.744838,252.1879653)
(-478.9865667,689.6282052)
(-345.2663533,-928.5506677)
(947.5175121,-339.2246296)
(596.4554531,858.9027068)
(-492.3849633,745.2732885)
(-146.869302,-483.9679694)
(-242.269219,-967.9091123)
(225.5344803,662.6417942)
(906.0417145,-194.8260848)
(731.6379505,963.500716)
(-310.1510421,573.4204974)
(738.6677006,307.5853654)
(-740.6934688,555.8123173)
(144.3379939,-927.0802083)
(-84.98710976,-509.9524672)
(619.0476985,-61.46845288)
(-961.8151968,393.2026308)
(-388.6399605,481.7141758)
(600.6381004,868.2682532)
(-838.3267514,-469.1095914)
(857.9319591,-16.2732506)
(-818.998701,371.2212951)
(75.79220979,-83.43718335)
(-697.5321329,-698.6495127)
(414.9738213,893.8166929)
(-704.4493097,78.69790408)
(-522.8296948,257.5650883)
(930.3664533,812.5036817)
(535.1783318,560.9089466)
(-400.1188624,506.9712255)
(-644.7376151,316.9847992)
(-381.804678,-293.2499497)
(-519.5346569,731.6593435)
(-703.9299786,386.1131877)
(691.9528617,88.6940929)
(-824.1917112,438.8928985)
(-65.64046491,414.323263)
(476.1679883,-575.7295085)
(-639.9187793,489.7066804)
(-100.0151117,-706.2632866)
(-630.2416586,-310.4326359)
(-131.3934049,500.8008434)
(-21.60555324,-294.523213)
(-126.4728884,-204.5740513)
(-520.769817,-739.7650941)
(-169.5679666,-112.1548826)
(826.5698349,-994.4776741)
(-100.4534603,480.5181624)
(-138.7722429,-29.56795496)
(359.4247115,-416.2928163)
(196.0137907,859.1002273)
(953.933199,-177.3997644)
(102.8679197,-390.8251615)
(-547.3403831,394.0771997)
(-157.5892553,488.7765904)
(914.4949711,-505.5586088)
(339.0635544,380.4461728)
(-551.4009815,931.0477716)
(-977.7154789,109.2918188)
(395.1574246,845.9721405)
(200.8581212,-990.8944793)
(493.604326,-383.8528605)
(568.5257735,86.47723412)
(703.0849262,-105.5820124)
(551.4489312,307.1485347)
(-354.3559748,-876.4921715)
(-899.3878081,674.1519751)
(404.9694048,-131.0234127)
(-505.0040665,62.32956265)
(-675.8466084,355.564534)
(90.56232171,-163.2805485)
(822.6987724,-201.509318)
(-445.4570033,371.7111428)
(-301.0353696,-842.1843017)
(-263.6395485,195.6786178)
(109.4797793,-400.7436785)
(256.0094701,72.12963058)
(19.31443811,-258.0891213)
(747.210906,186.8482394)
(793.5216334,555.4417973)
(-79.10832329,-825.2574786)
(-333.5878691,-34.90626266)
(-908.1327084,586.0960197)
(25.03714966,-193.1827116)
(248.4533852,-849.4780016)
(654.6520222,-17.92485544)
(557.8533955,-465.8507573)
(-317.0435261,-791.2743381)
(279.5589804,175.9019008)
(-840.8299371,-374.5835502)
(-841.4709574,-520.466454)
(-77.90839353,-406.7925853)
(-969.5385428,-120.6727289)
(424.7636902,-590.1447065)
(841.6625517,-374.4811338)
(109.5222902,-776.8784671)
(448.6293174,461.7063645)
(321.6734453,-60.97249168)
(588.1453656,780.9913813)
(-334.1791693,371.8688626)
(-208.9259432,-514.0581714)
(81.67146495,-403.4316106)
(937.3383226,179.9076194)
(-709.5259499,456.4667663)
(-912.8049211,44.35851699)
(320.0717216,5.943527143)
(-48.27441055,-876.1377322)
(96.64839101,-718.7754642)
(990.1851586,903.9665053)
(-962.7347691,371.0017702)
(677.2752193,-583.4071075)
(-278.6836577,-838.7295128)
(-3.304965804,287.6062038)
(670.8070777,356.8631703)
(828.2211333,-727.1817237)
(-961.3394919,-434.2561227)
(312.48949,179.4444165)
(326.1264598,-256.2434744)
(-718.6933514,-192.4736548)
(-459.4997412,715.2133326)
(-90.69816743,-74.67773672)
(-653.8316075,225.1666403)
(337.1883378,690.5471309)
(367.4199167,-726.7290894)
(-124.9167032,-673.0200611)
(-701.5994019,-300.1410918)
(806.3550961,-604.6575938)
(369.6838058,295.7097079)
(187.7885374,-640.1536444)
(-487.4040147,-840.8835596)
(214.7820377,-14.01160473)
(669.7044987,41.82257342)
(-315.017689,-52.08874772)
(804.8200092,793.0691293)
(984.503593,434.6425863)
(-532.2580467,166.3981656)
(-968.4335155,844.845657)
(176.6158421,250.2112434)
(529.3426729,-461.5125238)
(-435.2228883,709.8224387)
(494.8845222,-829.052073)
(-213.4390615,-937.9344917)
(763.1640515,15.05466276)
(484.5530526,-273.9747194)
(190.8110259,-520.2000827)
(362.0560216,313.2035082)
(374.3583752,-714.1962564)
(-172.6710172,762.2167274)
(433.033175,130.7855042)
(-596.2250094,963.2710922)
(964.7105913,45.71542716)
(970.6759605,188.1225494)
(17.35470999,773.2061768)
(523.8339402,481.7413605)
(598.0456359,-540.7121018)
(-227.6608601,-788.169154)
(-399.0832697,136.1712891)
(-464.6005632,3.830199974)
(-623.2573175,550.1538863)
(-442.8352568,-357.8837229)
(823.2934566,-132.9640555)
(-156.7283905,-132.5060072)
(-886.024016,861.3274458)
(-8.330977607,784.6007837)
(-216.3223499,-286.8503156)
(50.27617066,-277.4131356)
(723.5395772,488.2386285)
(358.7043563,-898.3088142)
(-507.6509703,462.8974791)
(-425.7026673,-124.5388876)
(-858.3744787,744.6363358)
(-272.9026021,335.7184543)
(775.6072409,508.7723853)
(163.836442,701.1984345)
(53.25543649,234.4792943)
(4.332120507,-419.5858595)
(-122.0765977,359.3982799)
(801.2805345,37.19824966)
(-684.9215325,906.8761108)
(-126.5174523,995.4743415)
(58.38779042,942.4656141)
(-145.6897219,-757.2079446)
(-811.6931092,408.534036)
(-490.3968243,-529.0562518)
(10.73253245,203.6359186)
(42.48615359,-847.4612567)
(-471.5876648,-236.2471751)
(-381.285091,-822.1693545)
(833.9462477,-816.8507871)
(340.0558388,734.5748382)
(-867.2634581,-223.4922248)
(-558.9071586,-205.8811258)
(120.9626717,997.0047511)
(-204.9231891,-607.380132)
(-812.7093783,932.6788808)
(-772.8085563,-39.24967945)
(481.9518388,-585.0551962)
(456.6329527,538.3665324)
(615.2329293,-981.1896101)
(672.2598737,-434.6329643)
(36.18515807,516.3710163)
(-661.9038024,796.9215106)
(-700.9523553,661.4120206)
(693.3429354,-741.4024529)
(-838.1350887,-841.4515376)
(876.8968471,-616.0771049)
(-335.5115106,-413.5847514)
(978.0313697,-248.685378)
(255.686043,899.7021394)
(-92.30511965,33.65707121)
(-334.4296633,311.2204158)
(873.277541,-800.6742562)
(-193.7625135,-155.1963081)
(-694.355334,876.4385468)
(980.4381304,521.2566598)
(695.1596204,-200.095712)
(351.3651706,650.731352)
(785.4563183,-349.2418966)
(210.2116187,665.2278457)
(-163.4567069,-678.2744632)
(203.3526402,-742.6745699)
(-170.9325684,46.87015181)
(-116.5835319,284.3808106)
(540.3618837,173.6781245)
(-47.44843823,548.8797508)
(112.4303834,509.8739189)
(-940.2164817,660.1182268)
(-465.1094858,-456.8199933)
(-357.9571356,-496.7202571)
(-659.4322174,398.8411679)
(-857.2394171,-905.5024271)
(-879.0662631,451.474105)
(-597.2004495,556.8985258)
(131.6074294,421.3952467)
(-266.61251,-515.6323728)
(-779.9771481,-661.8241477)
(-916.215123,312.2871269)
(-207.1201099,905.0135712)
(-394.8036872,-533.5789819)
(608.2814128,-536.0728944)
(966.4031715,885.8408484)
(698.398424,599.6199174)
(-437.8143364,376.1438733)
(-897.8560715,-89.27978831)
(-536.7769731,-590.6474424)
(-386.5284022,485.7946022)
(789.5195197,-423.8759608)
(852.2564198,-847.7797897)
(-604.3948089,689.40566)
(-447.037314,-951.8451327)
(-302.2436104,-610.6528879)
(897.73775,712.1279652)
(945.3797786,488.7041797)
(475.6301326,-264.686045)
(692.7725947,381.5487049)
(-656.3793592,83.72504486)
(792.8135854,-851.5302653)
(-288.4490344,-416.3467876)
(-50.63961853,-260.3761972)
(729.5563609,375.6371131)
(-768.7916082,678.2824342)
(177.4955048,573.2112132)
(-628.0347422,-103.5457829)
(1.932987873,-921.4003269)
(-409.0416544,48.33143341)
(195.0877487,-719.3062632)
(-641.5122195,-12.22093692)
(630.668045,98.08704109)
(-316.591529,-147.706908)
(636.7407555,643.1224396)
(-239.8247844,701.8534298)
(-816.5033871,-853.7694291)
(-591.9237673,234.1299571)
(133.4259277,-857.9003353)
(561.7691606,342.7723987)
(221.8541119,936.5300921)
(-156.5392307,282.1442701)
(585.3011287,499.4990464)
(-620.761714,684.7615855)
(158.2635614,307.0115643)
(952.0421544,881.8866189)
(451.0644518,-993.5768847)
(-657.366249,-878.452672)
(-605.0165126,-302.8074481)
(535.3650858,-763.1883109)
(268.6201007,925.9841646)
(-856.0589686,-997.9639201)
(-392.9583639,-54.83992422)
(461.0254178,164.4717406)
(-72.52408336,382.2080735)
(69.30643155,-596.1150499)
(111.6087765,-326.7462095)
(-941.3091953,389.0884818)
(485.1096501,-287.2224497)
(842.5356342,-205.8020888)
(-690.9017105,625.0252842)
(-295.4998044,-852.4358496)
(-712.9885129,129.8390453)
(399.922804,-550.2392663)
(543.9652256,946.8011857)
(53.38325545,133.5432373)
(-992.9838625,168.7768873)
(-469.9867875,281.1302948)
(-8.071241563,-669.7504586)
(915.6633009,-764.6041435)
(-996.1426184,276.6127571)
(684.4213786,-633.0771769)
(-308.3963442,-586.5590935)
(-989.0134315,-966.5546869)
(693.7475955,-262.3515463)
(383.6818619,716.4157603)
(682.2698067,-508.8916885)
(-246.8868249,159.6401176)
(-669.3606703,487.5458629)
(-143.1484453,210.1350302)
(232.7693457,42.33530944)
(733.1843037,-438.6975614)
(693.6661421,-822.9389947)
(589.5466879,-474.8608356)
(388.771552,154.02522)
(-215.6340386,-108.3138127)
(883.3272095,665.0306598)
(-295.4037222,-226.1891391)
(787.6785411,-800.1394102)
(303.3954998,412.8381493)
(178.6860596,-432.8203828)
(914.3251976,486.5515332)
(120.2939117,208.8924077)
(-293.0015055,53.86242599)
(-434.450654,296.1882399)
(865.3303686,-829.7251214)
(432.8678677,-73.14532455)
(565.5379163,512.0514947)
(-433.074856,878.801369)
(68.26145065,653.2689487)
(297.8646495,-854.4552289)
(-339.0730273,-997.2138176)
(-817.8463913,516.7531094)
(-680.4540825,-298.226975)
(-186.4661412,895.9878526)
(-251.6606578,-352.0459399)
(1.084548164,-373.3998797)
(776.8765773,-532.5260584)
(-775.4535244,192.3890617)
(126.0712865,873.1774045)
(-555.7245978,-423.9174466)
(-9.136838164,-705.3433202)
(658.6201281,-930.6031137)
(44.72443221,81.68985301)
(-8.291099466,206.1113898)
(542.4618243,973.4751332)
(-451.704389,397.4053126)
(-136.1610872,765.3523594)
(-124.4386426,-275.2767671)
(470.6849829,746.7790666)
(614.780957,66.89692271)
(446.5932947,623.2229055)
(-204.7395278,-270.5857979)
(488.9970553,-407.4337842)
(-607.9553768,-369.5984121)
(-456.3839187,782.9676455)
(482.832247,906.5621937)
(647.2422,585.1450514)
(-404.2739725,-72.95519807)
(493.2189419,823.4608055)
(-967.644398,186.6421211)
(-619.9290691,318.0675712)
(-762.3454453,-721.673874)
(-817.1172329,-93.85117053)
(-848.8219906,815.4346513)
(-32.55940608,-632.5796014)
(-629.4239514,480.8486313)
(601.0161964,264.8624952)
(-698.4114,658.2660755)
(-180.5433018,-107.7973403)
(162.0455259,-97.21715463)
(668.9931578,495.3402031)
(998.5117212,862.5733984)
(-760.834804,487.5224204)
(580.1094889,-524.6226213)
(-975.9204069,-733.0962917)
(603.0353873,687.5671441)
(-768.3386799,739.6387491)
(139.6986347,580.7519668)
(-652.0322834,-207.2469377)
(-988.5489954,-553.5547393)
(789.1650945,-771.4158384)
(561.4586627,653.9221674)
(-864.2045166,211.0677375)
(-634.9516747,874.8704704)
(-722.8850666,-682.0964907)
(-300.5800857,-231.8267335)
(547.3005183,-104.4789742)
(913.9370292,26.64301703)
(-676.9771548,293.0722213)
(-14.90438975,-323.7416006)
(127.5176758,-76.83116295)
(-261.6996151,-785.2144934)
(-528.0590945,-188.9707105)
(939.0584326,-391.552077)
(-481.2235324,402.7058225)
(-72.9223671,-411.0970172)
(-91.19206595,231.1221831)
(682.7613195,-568.8511891)
(-181.9710656,493.9358476)
(914.6524329,-17.24756587)
(838.4606421,823.0889301)
(-432.766741,-821.4905801)
(805.4557063,-49.95114681)
(376.4887884,-714.0861613)
(-713.9173638,160.8146093)
(840.349426,-301.2548059)
(92.27636649,61.72930097)
(879.1457711,-920.3922993)
(-646.4356165,-330.5061609)
(773.8061935,279.0756534)
(-353.5656083,-127.8887132)
(-762.5215892,-191.9608254)
(-581.5398487,946.5540361)
(-226.0437266,648.592401)
(-788.9226252,265.1623463)
(-299.3898641,158.6184053)
(443.5033617,-911.7656898)
(-272.4543883,813.3698546)
(-243.3405361,-113.36106)
(-337.3302022,643.2544604)
(745.1674169,-63.06205407)
(-227.7427878,138.8127597)
(342.8771747,-463.580468)
(81.70112478,500.6504715)
(-916.0991644,869.3569392)
(446.993569,728.5938983)
(541.1152587,589.2044532)
(-422.3822914,-485.5296658)
(-399.7753454,-621.8770445)
(676.8068975,-462.2393533)
(-258.3794904,535.5106682)
(143.0243723,691.9112056)
(855.1720904,-327.9680545)
(-681.3127206,-358.9786049)
(-436.0071209,-623.4181213)
(295.0526785,-866.1186232)
(-74.65727016,312.3822772)
(364.2406681,699.4554119)
(-279.0510531,881.5366095)
(668.4967076,276.757662)
(-990.5910031,300.5305213)
(-133.3672617,-829.0591347)
(-450.0019295,693.1590156)
(-637.2822271,211.1521751)
(-469.1534293,-3.6398969)
(-729.0383244,865.9844935)
(611.0607595,-967.6618781)
(341.6911823,319.1118202)
(-315.5460268,-534.0041688)
(-5.806726595,260.3433435)
(55.32280442,-619.3308558)
(489.0739559,344.0616643)
(-195.2671854,-530.0000021)
(105.4826201,633.3122011)
(-555.2918457,87.04569815)
(130.8858799,-45.08008149)
(601.2967718,-104.7514522)
(709.2746926,938.0294057)
(-866.6862774,-815.9663755)
(-229.2497377,150.7664231)
(363.0521353,281.3599218)
(422.3715271,282.5249339)
(-162.5497187,-926.9065167)
(98.31811805,-465.3457098)
(493.4399917,-660.1906566)
(117.0794124,690.4307694)
(964.0921913,93.77055381)
(-807.8032315,-736.4086953)
(-135.747215,-166.4884172)
(-4.664307375,-840.4446419)
(-313.8920457,-433.5004942)
(-604.0336865,474.6599776)
(-235.0390576,-560.4265096)
(378.9899967,576.3111173)
(-422.622309,222.9746347)
(-292.6887816,554.1294268)
(71.68914797,-186.1148434)
(-566.3082464,-94.79181872)
(559.441334,672.7694882)
(885.6457594,-971.8657231)
(-564.3482727,-802.426203)
(-416.2307348,247.6958195)
(-44.31855994,446.8133548)
(94.68483984,435.1913513)
(8.107809353,398.9154435)
(670.2647093,-317.254958)
(-185.7628796,-661.5635238)
(997.863503,-157.1477428)
(507.5674018,-243.0255548)
(-11.87965293,-820.5729714)
(-713.8988104,933.7354691)
(876.3598637,220.825905)
(-295.2545979,760.7351623)
(487.3164266,-665.9204382)
(-689.4701283,-626.3206479)
(824.2983531,322.2242526)
(-517.6055998,-647.063718)
(712.1547296,16.2227148)
(355.883479,-369.0615014)
(-610.1276417,-519.0116317)
(-725.7178524,-396.4096311)
(980.932575,-10.51364457)
(-533.7249377,-138.6357634)
(-850.1382994,504.6875354)
(-487.8235906,-870.5110653)
(930.1629433,274.0097783)
(773.9156726,971.9821077)
(49.99808921,110.3786983)
(220.4598401,-857.2107351)
(-987.9748268,-848.8780885)
(-851.1189269,860.687043)
(-97.84973388,-401.4092573)
(609.0845883,790.2389598)
(30.36929561,562.6593863)
(-829.4353842,576.5657877)
(-225.6309502,68.76869561)
(-428.2381456,-931.8995395)
(991.4098214,852.4189177)
(-248.5573038,644.3899697)
(-592.9950607,-130.21131)
(966.3880827,420.2948369)
(236.4546437,-82.83544616)
(461.3210129,-712.2712969)
(-961.1977021,564.8420085)
(353.7882841,-698.0648363)
(-469.9747203,-202.3515647)
(-618.7196564,-260.1074813)
(692.128797,668.1303622)
(-140.0291916,899.9818208)
(849.5979181,-692.2195077)
(418.8007208,612.4732164)
(31.65210087,718.823188)
(-218.0681884,936.405566)
(-600.6948202,737.7824212)
(664.297438,967.3313279)
(128.7033715,-923.5033436)
(-756.9617726,-74.112539)
(-901.5086383,-142.2752504)
(782.9828778,-22.8346932)
(526.5826652,680.999509)
(248.7459523,-737.5106496)
(275.7754521,373.8283855)
(-506.5300589,-718.8280758)
(-137.7394379,-545.6101953)
(-631.5429301,-161.3646257)
(-870.4057569,-480.4863944)
(-534.8895713,-287.0651935)
(71.95388228,738.2475176)
(748.5873055,-739.8470575)
(943.799173,432.9143679)
(-980.1105187,779.3729047)
(-790.0920304,229.4786422)
(806.3884421,692.1594173)
(-316.2833737,-939.1151162)
(-617.5708443,-160.7196688)
(557.0569778,-576.8420073)
(-839.9472306,195.980303)
(-45.86281298,-729.3992711)
(635.7869134,94.93939609)
(502.1100757,466.6609476)
(-329.1460953,875.9119578)
(-352.5241041,-964.7662642)
(96.99637271,222.8188718)
(-899.1141466,-692.9289737)
(215.0828348,112.2188928)
(893.9374751,886.8103271)
(-615.6211488,-971.9134896)
(-700.6674064,510.122848)
(943.0028162,56.96170957)
(730.0827479,-414.4955074)
(-581.230841,-984.7637427)
(-105.8086781,-393.8888905)
(-527.8465562,752.0508184)
(844.630463,750.4292209)
(132.40708,624.2822908)
(732.9700566,-951.6497196)
(374.9806135,990.8936659)
(983.3762721,-653.546234)
(345.6426829,-843.28108)
(154.8487697,739.5020425)
(129.3341825,-518.6148024)
(-762.7938857,-907.9312936)
(-597.0732098,711.1913293)
(344.0400793,-417.057453)
(-194.5708114,-684.5863141)
(199.0198232,-379.4836023)
(274.8303745,-504.8714609)
(-486.7562901,-883.8951667)
(-883.5097017,547.2866053)
(-108.3076245,913.9292264)
(380.8579722,-103.7828193)
(-823.9095058,-749.2977712)
(-391.3474331,-881.8024827)
(348.4503024,-202.4298198)
(748.2734496,-828.5136339)
(902.2715481,734.2578235)
(680.6516221,-790.5271314)
(-536.9587298,852.3987594)
(756.6614707,102.8710242)
(485.0195309,341.050325)
(237.3048667,326.2504154)
(914.6049058,-16.47072705)
(824.0024122,76.62007732)
(-688.575731,-79.92390037)
(506.6237952,-490.0886268)
(-388.0509538,565.299759)
(627.7134862,412.0509204)
(-972.9892126,-420.738228)
(429.5539367,439.1690368)
(361.3312331,817.8543018)
(-112.6832372,336.3775014)
(-567.9728367,291.5746819)
(-463.2837301,167.9814622)
(-111.8043579,88.91654357)
(-23.05237412,670.8706346)
(755.8008742,-227.1362913)
(-460.3616642,-981.3442093)
(649.6394024,6.479558407)
(-144.4620655,971.1153919)
(-969.4579956,207.3961584)
(-256.5565679,-209.6512136)
(-928.2357799,-845.5578629)
(412.3674023,739.850122)
(-262.4655607,-198.0261897)
(-436.2721555,-951.9446256)
(-551.1365739,513.2412834)
(-232.7168064,384.2859492)
(-972.6818908,376.6379462)
(967.7391827,-929.8663626)
(516.5612608,620.7881798)
(-112.6359995,-563.7979486)
(-554.1327337,0.779676185)
(-855.3087517,686.4927236)
(656.6823338,-581.6875976)
(347.3228164,646.1263551)
(-209.1762709,376.2374758)
(-600.5937124,363.108953)
(158.5693051,-511.4089751)
(483.3778298,-385.3375549)
(-243.8750621,-699.7640587)
(511.9676698,-585.2194607)
